ID		ac(bar*L2/mol2) b (L/mol) 	K 	Tc 	Pc 	w		
C1	1	2.3038		0.030434 	1.54085	190.564	45.99	0.01155
C2	2	5.6163		0.045611 	1.90384	305.32	48.72	0.09949
C3	3	9.8022		0.059875 	1.95745	369.83	42.48	0.15229
C4	4	14.6125		0.076028 	2.11449	425.12	37.96	0.20016
C5	5	20.2237		0.093631	2.28763	469.7	33.7	0.251506
C6	6	26.4457		0.111805	2.45609	507.6	30.25	0.30126
C7	7	33.192		0.130552	2.62034	540.2	27.4	0.3495
C8	8	40.5887		0.150573	2.79277	568.7	24.9	0.3996
C9	9	48.3293		0.170687	2.94352	594.6	22.9	0.4435
C10	10	56.6611		0.19214		3.11287	617.7	21.1	0.49233
C11	11	65.6307		0.21497		3.24457	639	19.5	0.5303
C12	12	74.543		0.237276	3.40514	658	18.2	0.57639
C13	13	84.9203		0.264005	3.54841	675	16.8	0.6174
C14	14	95.6757		0.290564	3.64051	693	15.7	0.64302
C15	15	105.7858	0.315639	3.79189	708	14.8	0.68632
C16	16	116.4264	0.341676	3.90293	723	14	0.7174
C17	17	125.8201	0.3645		4.08196	736	13.4	0.76969
C18	18	136.4801	0.391618	4.22557	747	12.7	0.81136
C19	19	147.1876	0.418526	4.36557	758	12.1	0.85223
C20	20	157.2669	0.443896	4.54638	768	11.6	0.90688
C21	21	168.285		0.471628	4.66597	778	11.1	0.942
C22	22	179.921		0.501399	4.76987	787	10.6	0.97219
C23	23	190.8514	0.528921	4.94285	796	10.2	1.02617
C24	24	202.2071	0.55802		5.08674	804	9.8	1.07102
C25	25	212.303		0.583397	5.19842	812	9.5	1.10526
C26	26	224.9952	0.616377	5.3509	819	9.1	1.15444
C27	27	235.3702	0.642761	5.52846	826	8.83	1.21357
C28	28	247.5795	0.674698	5.60689	832	8.5	1.23752
C29	29	257.9657	0.701438	5.69485	838	8.26	1.26531
C30	30	269.6807	0.731545	5.81961	844	8	1.30718
C32	32	294.1944	0.794773	6.02581	855	7.5	1.37655
C34	34	316.0579	0.850919	6.18679	864.8	7.12	1.432
C36	36	337.0749	0.904344	6.44829	874	6.8	1.52596
C38	38	362.6945	0.970366	6.57662	882	6.42	1.571
C40	40	387.8337	1.023514	6.73362	889.6	6.12	1.64
C44	44	434.2319	1.151222	7.11557	903.1	5.59	1.78
C46	46	462.553		1.194387	7.22773	909.2	5.36	1.849
C54	54	563.3112	1.422794	7.84552	929.5	4.6	2.128
C60	60	639.4866	1.594101	8.28076	941.8	4.16	2.337
