-------------------PR------

METHANE
190.564  45.99  0.01155  0.105905
2.4959  0.026802  0.392414
ETHANE
305.32  48.72  0.09949  0.160173
6.0480  0.040536  0.525412
PROPANE
369.83  42.48  0.15229  0.222514
10.1772  0.056313  0.603252
n-BUTANE
425.12  37.96  0.20016  0.286237
15.0489  0.072440  0.672530
n-PENTANE
469.7  33.7  0.25151  0.35623
20.6929  0.090154  0.745454
n-HEXANE
507.6  30.25  0.30126  0.428881
26.9232  0.108540  0.814765
n-HEPTANE
540.2  27.4  0.34947  0.5039
33.6642  0.127525  0.880647
n-OCTANE
568.7  24.9  0.39955  0.583746
41.0560  0.147733  0.947763
n-NONANE
594.6  22.9  0.44346  0.663636
48.8004  0.167951  1.005489
n-DECANE
617.7  21.1  0.49233  0.748231
57.1587  0.189360  1.068513
n-UNDECANE
639.0  19.5  0.53032  0.837542
66.1876  0.211962  1.116614
n-DODECANE
658.0  18.2  0.57639  0.924049
75.1951  0.233855  1.173903
n-TRIDECANE
675.0  16.8  0.6174  1.026916
85.7250  0.259888  1.223939
n-TETRADECANE
693.0  15.7  0.64302  1.128169
96.6888  0.285513  1.254735
n-PENTADECANE
708.0  14.8  0.68632  1.222678
107.0568  0.309431  1.305982
n-HEXADECANE
723.0  14.0  0.7174  1.319929
118.0206  0.334043  1.342144
n-HEPTADECANE
736.0  13.4  0.76969  1.403826
127.7792  0.355276  1.401793
n-OCTADECANE
747.0  12.7  0.81136  1.50334
138.8823  0.380460  1.448277
n-NONADECANE
758.0  12.1  0.85223  1.601121
150.0937  0.405206  1.492960
n-EICOSANE
768  11.6  0.9069  1.692169
160.72142  0.428248  1.551315
n-HENEICOSANE
778.0  11.1  0.942  1.791418
172.3636  0.453366  1.587936
n-DOCOSANE
787.0  10.6  0.97219  1.89762
184.6941  0.480243  1.618894
n-TRICOSANE
796.0  10.2  1.02617  1.994588
196.3520  0.504784  1.673029
n-TETRACOSANE
804.0  9.8  1.07102  2.096864
208.4949  0.530667  1.716810
n-PENTACOSANE
812.0  9.5  1.10526  2.184604
219.3804  0.552872  1.749504
n-HEXACOSANE
819.0  9.1  1.15444  2.300292
232.9892  0.582150  1.795356
n-HEPTACOSANE
826.0  8.83  1.21357  2.390891
244.2355  0.605078  1.848755
n-OCTACOSANE
832.0  8.5  1.23752  2.501755
257.4169  0.633136  1.869847
n-NONACOSANE
838.0  8.26  1.26531  2.593011
268.7307  0.656230  1.893933
n-TRIACONTANE
844.0  8.0  1.30718  2.696453
281.4519  0.682409  1.929434
n-DOTRIACONTANE
855.0  7.5  1.37655  2.913703
308.0919  0.737390  1.986169
n-HEXATRIACONTANE
874.0  6.8  1.52596  3.285057
355.0776  0.831371  2.099544
 C38 
  882.0000    6.4200  1.571000  3.51135
  383.0112  0.888640  2.131357
 C40 
  889.6000    6.1200  1.640000  3.71521
  408.7403  0.940233  2.177970
 C42 
  896.6000    5.8400  1.710000  3.92398
  435.1049  0.993066  2.222632
 C44 
  903.1000    5.5900  1.780000  4.12919
  461.1787  1.045000  2.264648
 C46 
  909.2000    5.3600  1.849000  4.33546
  487.4874  1.097203  2.303476
 C48 
  914.8000    5.1500  1.919000  4.54004
  513.6348  1.148977  2.340240
 C50 
  920.0000    4.9500  1.989000  4.75032
  540.4802  1.202195  2.374359
 C52 
  924.9000    4.7700  2.058000  4.95583
  566.8661  1.254206  2.405402
 C54 
  929.5000    4.6000  2.128000  5.16454
  593.6771  1.307025  2.434268
 C56 
  933.9000    4.4400  2.197000  5.37598
  620.9078  1.360535  2.460133
 C58 
  937.9000    4.3000  2.267000  5.57479
  646.6271  1.410849  2.483747
 C60  n-HEXACONTANE
  941.8000    4.1600  2.337000  5.78636
  673.9588  1.464393  2.504715
 C64 n-TETRAHEXACONTANE
  948.8000    3.9100  2.723000  6.61078
  690.5260  1.708632  1.350000   9.02919





