Experiment Thickness FoodSimulant Cpo K Dp RMSE k c4
1 146 EtOH95% 1157(+/-112) 52 1.95e-13 1.5 7.14e-6 0.05
2 146  2440(+/-62) 35 1.97e-13 3.0 7.14e-6 0.05
3 146  3152(+/-40) 24 2.0e-13 2.6 7.14e-6 0.05
4 146  5950(+/-35) 0.5 2.0e-13 2.3 7.14e-6 0.05
5 50 EtOH95% 2050(+/-110) 334 1.0e-14 3.1 7.14e-6 0.05
6 146  2440(+/-62) 35 1.97e-13 3.0 7.14e-6 0.05
7 190  2878(+/-115) 34 2.0e-13 4.6 7.14e-6 0.05
8 50 EtOH10% 2050(+/-110) 0 0 0 7.14e-6 0.05
9 146  2440(+/-62) 0 0 0 7.14e-6 0.05
10 190  2878(+/-115) 0 0 0 7.14e-6 0.05
