Table 5
Group interaction contributions, interacting groups (see Table 9) number of components used for regressing these values and mean absolute deviation in temperature for these components
Groupnumber Interactinggroups Groupcontribution(K) Meanabsoluteerror(%) Meanabsoluteerror(K) Standarddeviation(K) Numberofcomponents
135 A-A 291.7985 1.89 9.76 12.57 37
136 A-M 314.6126 1.24 5.73 7.42 8
137 A-N 286.9698 1.20 6.06 6.77 6
138 A-L 38.6974 0.00 0.00 0.00 1
139 A-C 146.7286 0.96 4.63 4.64 2
140 A-D 135.3991 1.79 8.59 10.30 52
141 A-E 226.4980 0.00 0.00 0.00 1
142 A-F 211.6814 2.49 11.46 13.19 18
143 A-G 46.3754 1.67 7.82 8.66 8
144 A-J −74.0193 0.38 1.99 2.26 4
145 A-P 306.3979 1.31 5.87 6.36 3
146 A-I 435.0923 0.00 0.00 0.00 1
147 A-S 1334.6747 0.00 0.00 0.00 1
148 B-B 288.6155 1.04 5.50 6.01 4
149 B-M 797.4327 0.00 0.00 0.00 1
150 B-C −1477.9671 0.00 0.00 0.00 1
151 B-D 130.3742 2.60 13.44 15.25 10
152 B-F −1184.9784 0.00 0.00 0.00 1
153 B-G – – – – –
154 B-H 43.9722 0.00 0.00 0.00 1
155 B-Q −1048.1236 1.07 5.34 5.69 3
156 B-S −614.3624 2.44 13.09 14.36 3
157 M-M 174.0258 0.95 4.21 5.10 15
158 M-N 510.3473 0.98 5.04 5.44 4
159 M-D 124.3549 1.18 5.87 7.15 10
160 M-F 182.6291 1.79 9.89 10.54 3
161 M-J –562.3061 0.78 4.00 4.00 2
162 M-Q 663.8009 1.60 9.10 9.10 2
163 M-I 395.4093 0.00 0.00 0.00 1
164 M-S 27.2735 1.71 8.36 8.36 2
165 N-N 239.8076 0.55 2.69 3.76 6
166 N-D 101.8475 0.56 2.34 2.64 6
167 N-F 317.0200 0.00 0.00 0.00 1
168 N-G −215.3532 0.00 0.00 0.00 1
169 N-S 758.9855 0.00 0.00 0.00 1
170 L-L 217.6360 0.88 4.35 5.66 10
171 L-AF 501.2778 0.00 0.00 0.00 1
172 C-C 117.2044 1.46 8.38 10.28 4
173 C-D 612.8821 1.55 8.67 12.57 6
174 C-F −183.2986 2.17 12.12 12.13 2
175 C-G −55.9871 4.62 22.27 22.34 2
176 O-O −356.5017 0.75 4.34 4.76 3
177 O-Q −263.0807 3
178 D-D 91.4997 1.70 7.72 10.43 185
179 D-E 178.7845 1.94 9.06 9.86 3
180 D-F 322.5671 1.89 9.17 12.53 26
181 D-G 15.6980 1.44 7.16 8.28 10
182 D-H 17.0400 2.50 10.79 12.78 12
183 D-J 394.5505 1.57 7.68 7.77 4
184 D-Q 963.6518 0.68 3.74 3.74 2
185 D-P 293.5974 0.56 2.66 3.00 3
186 D-I 329.0050 0.33 1.29 1.29 2
187 E-E 1006.3880 0.00 0.00 0.00 1
188 E-H 163.5475 0.00 0.00 0.00 1
189 F-F 431.0990 2.04 10.25 12.78 70
190 F-G 22.5208 2.41 11.49 13.86 25
191 F-Q −205.6165 0.00 0.00 0.00 1
192 F-P 517.0677 2.66 13.29 13.85 6

193 F I 707.9404 0.96 4.39 5.29 4
194 G G −303.9653 2.47 12.03 14.06 10
195 G H −391.3690 0.00 0.00 0.00 1
196 G Q −3628.9026
197 G K 381.0107 0.45 2.29 2.45 3
198 G P −574.2230 0.00 0.00 0.00 1
199 G I 176.5481 0.31 1.51 1.74 3
200 G S 124.1943 0.85 4.28 4.67 3
201 H H 582.1763 0.00 0.00 0.00 1
202 H Q 140.9644 0.08 0.46 0.46 2
203 H K 397.5750 0.00 0.00 0.00 1
204 H I 674.6858 0.00 0.00 0.00 1
205 J J −11.9406 1.65 7.86 9.42 7
206 Q Q 65.1432 0.91 5.43 5.95 3
207 K P −101.2319 0.00 0.00 0.00 1
208 K R −348.7400 2.09 9.21 10.14 10
209 P S −370.9729 0.00 0.00 0.00 1
210 I R −888.6123 0.00 0.00 0.00 1
211 R R – – – – –
212 S S −271.9449 1.84 7.47 8.25 3
